0.24204492568969727
0.5085232257843018
0.6802361011505127
0.8160550594329834
0.9501230716705322
1.1008491516113281
1.2716281414031982
1.4268932342529297
1.5552783012390137
1.7254552841186523
1.8651721477508545
1.9906623363494873
2.1384642124176025
2.2763381004333496
2.4254982471466064
2.5573172569274902
2.7169182300567627
2.8850250244140625
3.0145721435546875
3.178835153579712
3.308479070663452
3.4649221897125244
3.612791061401367
3.743575096130371
3.909412145614624
4.039639234542847
4.194607257843018
4.325242280960083
4.4856181144714355
4.6460182666778564
4.777220249176025
4.94165825843811
5.071145057678223
5.223854303359985
5.444730281829834
5.629810094833374
5.759581089019775
5.918421030044556
6.053433179855347
6.219609260559082
6.378029108047485
6.516603231430054
6.660876035690308
6.797030925750732
6.929468154907227
7.063666105270386
7.19501805305481
7.331802129745483
7.46683406829834
7.598299264907837
7.729745149612427
7.866811275482178
7.9957640171051025
8.127287149429321
8.257697105407715
8.388580083847046
8.522658109664917
8.65658712387085
8.786617279052734
8.918008089065552
9.049466133117676
9.182200193405151
9.317711114883423
9.448657274246216
9.580564022064209
9.736608028411865
9.881769180297852
10.01227617263794
10.14260721206665
10.272785186767578
10.40433120727539
10.535749197006226
10.666077136993408
10.805450201034546
10.933876991271973
11.069118976593018
11.2467200756073
11.377912282943726
11.513503074645996
11.645604133605957
11.777865171432495
11.910176038742065
12.041529178619385
12.171775102615356
12.309000015258789
12.439058065414429
12.570677042007446
12.702588319778442
12.834850072860718
12.965394973754883
13.10531210899353
13.251412153244019
13.506032228469849
13.650087118148804
13.788418054580688
13.934664964675903
14.082807064056396
14.258448123931885
14.428339958190918
